Κ555115555555 5551155515. 823

1526-1533. 5555-53.

[7738] 1555153 111 1155555555 0555555 53 Μ55555511555555155 1055555515,
51155, 1111135 1515151151 5515, Plau til Kongen og 1135555151 111 51 ’15515155 0555555115 11135

med 55355 3515 055511”.
, 1115551. 851511. 8151115511. 667-61

1521. 5555.

[7739] 11553 Fumat: 155 11555155 815115515115 555 55 mollem Biskop 1555 6. 155555.
Anderson 51 015555 53 055551 11551 115551155555 (1155511555) 1111553, 5551 8555151515 51
0555555111511015555, 5555115105515551, 1111135 1511155 155 81151555515 skuldo vaere 0151515
53 1555 1511555555 55515 Successor 111 015555 0555151515, 0155511555 53 1115555515. -

(1511555 8151,1151113155 11553555 053.
11115155055515 1151555511555-11151. 1. S. aas-40.

[71111] 11553 055555 51 85555135 0555 111 11553 1155155115 5535555115 0551155 0511155 6. 555555.
1151335515 (555 55551. Nr. 1711) 53155515515115551555 155 555110555515” over 15151515
11555315, 5551155355 51855513511151515111 (1511551. - 1155515, 1111115311515. (8555515).
> leka-h! 0151511555 ΙΙ· 15115 S. 1650-61.
> [7111.] 055551551 015555155555 05555 0511155153 11115155 055 155 1131153 1155515.
8535151151 115155155138151531515 53 155 1010 Mark, “som 155 55155551 havet 5111535155115

0553555, 1551510551111, 15 315515 med 15 1551515531. ·- 1111555155115, S. canuti 05515053.
115351). 0555 benet S. 2⁷.

· , [7711] 11555 0555555555555, 0555511711553, 1555113155ὲὶ3 115115151511111553 151555.
1155155115, (155 15515 1111511, 51 155 5555115 11155 015155101555581111, 5515 0151555 ,1555
15155555 55155 1515 51155 51115 51155515 8111151) 555 mange Penge, som 1551111515 5151515 51
5131555 111 11555 155 815115515155 53 0551555515 51 samma 81111. - Guttam -Torsdagen

55551 51155 1151113 3 11553555 053.
11115155 0555155 11515555511555-11151. 1. 8.· 111-18.

[7713] Κ5531155555555 Brev 111 0151555555, 15535551555 53 1155551151551 15. sanun.
555. 51 ’15115 0151555555 5151 1515115 511511 0515 11551 1551111155 ’11551511555 (11555111 ’1115-

155555555). - 6511555 8151, 5115515 05355 115 81. Antonii 053.
115111555151. 11555515. 1. 183-81.

[1111] Κ553 1555555155 05511555515551555 155 ’15515 0115551555 (1151115555 11115555.

Bjfirnssonn). - 65111555, 1555515355 111581. 15115511 053.
11511555 151. 11555515. 1. 182-811.

[7111] 115555 mussona Brev 11111553015151155, 151515115515011555515153 555 15155555.
15551151351153155553555515811555 Norbyes Skjaebne og om Μ551155 Pecklyn 53 Brun vau
05115355, 15551355 51555511515355 oc 11551155 1551 511 1155135 511 111553551551551, 55555

11551115 15155 153151”. - campen, 13 dagh 15555511.
1111511 0151511555 11Ι 55115 S. 1098-1100.

[7111] Κ553 F 5555551 11115155 05511151 555101511151555 1 8155515131 5155515115 1515555.
55315 (151555 1111555155, 8155515115, 0155, 115551-1151153 1111155), 15 515115515511515155
55555113 Summe 111 Hjelp 155 51 50151515 1555 53 Κ553 Christiano Gjeld. - We Vnmen

8155505555, 555 dage conversionis Ρ5511. (0151151515),
115511 1151151135 11. 5. 221-227. 115. 115515151551155515. 1551. 111. 11105. no. 111.

 

