661 11010 (1111001110 010 Anum.

1616. [0063] 11000 (1110101110 10001 11001100ιὶ010 Βο10010 1 010 8001100010, 01011
1010111. 100101 110 dem 01 110 1011100 1100001 1011101110 1111101101 og Privilegier og 1010011οι 1101000010
000. - 0111101100, ’1110110000 0100101101 81. 110011 1100000 1100.
1110101101 011. 0110. 01110000 111. 801111. Ι. 110-50.
Α 2110111. [0661] 11101, 11011011 11000 (1110101111 0001001101 1100000010 11011011 1111110100
111101 110000 1011010101 1600 11110010 61011110. - 1101111100, 1000 1110 0000110 Μο1110 1600601000
10101 1100 800111ος01 1. 2. 11. 0. 152-58.
1210111. [60611] 11101,110110111100060010110000010011018 . 0110101111 111 Β10100111101
Κο000 1 011010 1012000 111011 1100010 00061000. - 1101101001, 1000 1110 0000110 100110 1100101. 1
80110 1100800111ος011.2.11.0. 111-51. (8.0110101111111111011011001111110010101111) i
0011111. [6060] 8111, 11011011 Kong 6110101110 01110101 011010100011011110010110001 J
Β1010011111110000 1 011010 10111011000011101010110. — Hmndzbeq, 8000101 1101110 Magdalenae 1100 ξ
80101 1100 8001110001 Ι. 2. 11. 0. 151.
21010111. [6601] 11010010 0111101100 111 6111011010 11006000, 8011011010οη0 00011000οᾱ0
burg, 101 00000101 0101 111011 100 101110 0000100101 og udgivet 01 1101100601010 8101 og 11010,
og 000111 111 11δο0001010. - 1101010110, 8. ,100011 00001011 00100. 0
80110 8010110001 11. 2. 11. 0. 18-10. 0
20. sum. [6068.] 11010000 0111101100 111 01110110ιο 1100111100, 11011060ωο011 000 1101100110-
burg, 101 1100001011 01011100 Landehjelp‚ 100 101110 110101 01 11010011010100 1010 og 01 11010011 1
11010. - 1101110110, S. 100011000010110610011. 1515. ³
801101 8001110011 11. 2. 11. 0. 17-18.

20, sulii. [0060] 11011 101010000010, 111101101οο 1 11100111]οω, 8111110100 111 11000 christian, .

(¹⁰⁸ nm) 11011 100 01011101 01 1010 1010110001 00010 101010οᾱ100 Μο011 110 8101110 og 01 111000 101110
1001101 01 1101101010 8 01010 Mile 110 111οο111000, 11101000 100 100110 1010110111 dem 01011
Pange og 1110001 dem 11000 Ρ1111100101 101 01 0011100110 11010 111 01 1000110 de 1001100 Μ1001.-

Ea· 1011100010, postridie 10011 8000110 10010.
0110001. 80101. 81111101 011. 101-509.

10001011. [0070] 11010010 0011101100 111 1100000010 og 110011 1 10011110 10116 11011
1100010, som de 1010110 1010101101 1101 “Ηο111 og Gesterii”‚ 0001 do 0101110 10111011 1100001001. ¹
- Sancti Petri 0111100010 dag.
80111 800 8010110001 1. 2. 11. 0. 156. 2
01Ψο [6011] 11011001 mollem 810110101 81010100, ’11101001 og 1100011101 over 0110
11001000, 0011000 (1110101110 01 1100010111. - 11111100, 1100 0. 1100 Augusti, Aur 1001. 1
1111110111 110010. Rigas 11111. 0. 1109. 001101 Δ. 1515. (01011010. 1001. 011. 60-11).
2. Augusti. [6011] Ronanus Qvittering til 111. ’1100100 11101000, 11111001, 101 300 Μο11 1100110,
0010 100 1010110 01100010000000011101 0110 111 11000010 1110000 og 101 0181011110011101,
01 8110010111 01 100110110πί1. - 1111111000, 00110100001 Petri 0111100010,
101101 1100 8010111001 1. 2. Η. 0. 170-11. .
1. August. [6610] 11000600101101011101 1111001001001111000, 1101060100υᾶ pan Aaleborg,
110100010001001061016100100001001001100110, 11011011 1101 000100000 1101101, nom
1101110 111 0111110 6100, 01 10110 dem 0111110 00100 0101 101010100οη111 01101 1100010υο111 og 1101

101010 8 81. 1100010 01 1101 010. - Kraqeltmd, 10001110 0001011101 Petri 011 vincula.
8010 1100 8001111001 1. 2. 11. 0. 1511-10.

 

