651 Kone 0611161111 6111611161.

1616. [6965] 6666111611 16116 111616 praesentationis, 66116 661116611166166 summer 66
¹· 111116 ecelesiam parochialem 11161661, per dimissionem 6616161 1166166111 16666616, 6611611661 regii,

16666166. - 1161661111, 616 omnium 6666166116.
ς 811661 1116 8616116161 1. 1. 11. 186.

166111. [6966] 1161161116111111666111161.111616811116, Biskop i Birgium, 161 Regn-
6666 6101661 8161 61116116, 6116 116166 666 66166 61611616161 116666 116116161661, ’161661 1

11111611, 111 6611616166116 8116111 KongensBehov. - Albory, die omnium 8666161661.
861161 1116 8616116161· i. 1. 11. 1.86-86.

²· 611661 [11967] Β161, 6161166 Kong 6611611611 61161 0161666161661 1666 1111616 11666
16161661611161161666 ’1861661616 Β66611616, 11663616, henningum, Ρ1116666116611611611116ς116611”
1166 6161666136 (161666 1 6161666616, 8666161661, 1661161666611616116666, 866666616611 61161

6616661666 6666161 1616161616 86666. - Α16611, supremo die omnium 6666166161.
861161 1116 8661116161 1. 1. 11. p. 86-87.

6 116611. [69118] 1161116116911666616161661616161116, 116161 1 11111661, 161 200 mark,
6616666 6616116111 1166366161816616616166 61 Κ166161616 Ρ1111161161. - 1166116116, 111. 16116

16116 6616166 omnium 6666166161.
8611111 1116 8611111161· 1. 1. u. 1687.

6. 661111. [6969] 1161166111 (1111161163 111 111. 11116 116666, Biskop 'i viburg, 161 100 111616

1111111 61 116611116661 161 Aur 1511Ι og 20⁰ 1116111 61 Μ6166. - 1161166111, ΙΠ. 16116 16116
6616166 omnium 6666166116.

861161 1116 1611111161 1. 1. 11. p. 87.
‚ 6111111. [11970] Kanum Qviitering 111 116666 161161 11116611, 161 1161661166 6161 Τ616,

8166 og audet, 1166 66116661 1 616611. - 1111666111, 111. 1611616116 6616166 66161661 sanctorum.
8611111 1116 8661116161 1. 1. 11. p. 88.

6111111. [6971] 1161166116 (1111161161 111 8611666616, 11666 og Menighed i 1166116111 161

699 Mari 0161616161 6111661116. - Randm, 111. 1611616116 6616166 omnium 6666161616.
861116 1116 8661111161 1. 1. 11. p. 88.

6. novbr. [6972] 1161166116 0111161161 111 6166161 Stygge Kromppeun, 11661666866161611,
161 1161661166 61611666661611166, som 666 11161666 116666166611 og 66 66616 1161161166, ..
limeris, 111. 1611611661 omnium 6666161661. -

866111 1116 8661116161 1. 1. n. 1. 88.

6116111. [5973] 1161161116 Β161 111 111616 8161666666, Borger i Aaleborg‚ 1166 611 ,1616
6666661666 11666 166161161166 11166 11116161, 61 6666116166161616116116116661166811616866116
661166, hvis Borgerne 11166 bruge denne Jord 161 6166161616 66166 Β1. - Ex Batanaia,

16116111. 1166666166116611161 omnium 6666166161.
16616 1116 8616111161 1. 1. n. 1. 88.
11116111. [6971] 1161611116 [116666666161 ’(’11111116661661611 givet 111616 81116116 1 Ηῃοι,

11166 1166 66 Β666616616 1 8666161661. - Annia, 616 61611161.
861116 1116 8661116161 1. i. 11. 189.
611. 111111. [5976] 1161116116 11166666166161111 111616 8611611 1161616616 1166 66 1166663661]

6666661666.
86611 1116 8616116161 1. i. 11. 189.
11. novbr. [6976] 1161166116 1]11116116161111.Μ616666616111666, 161699 Mark af Af,

gissen 61 616611 8161 6111666. -· Amin, 616 61611161.
111661 1116 8661111161 1. 1. 11. 1. 89.

 

