661 11010110001111 000 Auum.

1616. 10010 (1100011111) 03 110011 Bassorum 113010100100101100 111 01 10111100 “thet Hellana gotz,
1111180100οι Ηο001031 1103310 03 11110 111. Jacob 1111110 0001001 111 111. 1100111 11010011311 101 at,

imponere 100011001011 ’11)1110011”. - Aff 1170013. (810001).
6101000101. 1101011011. 1. 00. m 0. 121-17.

21. 800111. [61111] 1101100110 11101, 1101101 Kromna 1110101 03 ’1100010 ἰ Ν11110-Λο10101101
03 8601011010101101 11110300 101010100001101 11010111οο00 103 101 8111101030 111 11010103-

1013 8101. - 8011001010, 0011010 0010 16010110.
80110 800 8001110301· 11. 1-2 11. 0. 161.

000010. [6686] 11003 6011011100 03 101 010000 1110000100 Β101, 1101101 10 3110
81000 8000100000 03 00110 81011130 11130το0101, 101· 0100110 11110 1016010 013111 10110100110010
01010101130110110101110111011001010, 0011001001οΜοΜ 000110000010 (1. Febr. 1511), 1111

110110, 1111130001 wgo 01 150 Ρο100001. - 11001311, 1100103100 0001 0111101 000011 1110001001 1103.
801101 Ny· sulingen· 111. 1. 11. 0. 1111-16.

11. 1101011. [6681] Β101, 1101101 11003 (1001011111 0013010011001111000001100110 111 11001110

1000110 (1. 10000110), 1010100001000110111110101. - 1110101110, 811 0111111 1103.
1010 1100 8010110301· 11. 1-2. 11. 0. 166-66.

15. 011011. [61188] 1101100110 0111101103111 80130000101 03 1100131οἀ 18110011 101 511 110111

0110100 1100101. - 11101100010,10 01001100 8ιΙ calixti.
80101 80080011030111. 1-2, 11. 0. 165.

18. 001011. [66811] 1101100110 0111101103 111 111. 1103000 (11110, 11001 03 8101010100οᾶ 000
8100101101318101, 101 81111 110111100011011131601111010138101 03 1010 03 6111) 1101111
113111 01 8100101013 8101 03 1010, 0010100 1010110111 111010 (1010001000.’- KBpenhaffn
8101, 1000 110 10011 Luce 0100301010.
80110 810 8010110301 1. 2. 11. 0. 166.
18. 001011. [6096] 11003 (111010110οε Β101, 01 11111100 1 1103011010, 1101100 8311010100
1001011010 101 1111101, 0110110 11330 111 ,1000101101 1 10010 1101011110, 1010101101 1111010110ιο
Kirka, 0010 0011111100. - Vm 8101 111ὃό01111οῤ1, 8. Severini Β1011000 1103.
111103 11011Ιί0001 031101000111 010. 1. 1117-911.
“ 0111101011, [66111] 1101101110 0111101103 111 Μο0101 hauris ’101101 000 111600 101 566 11011

0110111100 1103001101. - 81011 111010111αῇ, ’1010103100 0001 0111101 81010010 0111110.
80110 8001110301 11. Ι. 11. 0. 118.

10, nm„ [6691] 1101101110 0111101103 fil 11100101 hauris 101 11031 110300111 0101 1110110110ωο
01 8101100100, 8110101111, 81030 03 8101011101031, 00101 ’1011 01011100. - 810111131101001,

1100103100 0001 0111101 000011 110111000 11031.
10101 8010111301 11. Ι. 11. 0. 118.

111. 110111. [6693] 1111110 11000001100, 111. 810010 1110100οε 11110110101010, 10101 11003
(11110600 010 110110 101 100100 110111 til 01111030 00 Η1. 81000 81010 1111110010 11011 , som 110
1011010301, 1011 00 01 11003000 110100. - 1100131110, 0111ἰο110 103110111οῖ.

80110000 11. christ„ 11· 11101. 11. 8. 71-111.
00. mm, [66111] 1101100110 Β101, 1101101 81. 11113000 1100011111 03 (1001100 0100101 11011103.

1013 010110100 110000 8011110010 01 1010 03 0010. - 17011111φό010, 1000 110 10001110 ,10030 mm,
80101 8001110311 IL 1. 11. 0. 118.

00, Nom, [61191] 11000011 31101 Ηο000 1101110601οῐ 11101101 000 ’18110110 10110* (810130). -·

8101 7011101010, 1060011031οη 0001 01111011101 11110 103 praesentationis.
811010011ος00 11. 2 11. 0. 11.

 

