186 Kone (16616666 6116116666.

1617. 111 6166666166, 6616 616116 613166 1661 111 1611311666, 6661 1166366 6661611336616 “deti

1 ΜΡ· 11661611116116611). - Wort Slot Kidpnelaeaffim, 666616 11616666 61631616 666 martiris 1163.
11166616 1616161161. p. 116-11.

⁴· 111111· [em] Kong 6661661666 (1161166166 111 11663666661666, 1166161661 63 6166136
1116616661 1116666 1616111666 61 1110 11616616 (161166, 6111166366616166 16166 1116116666616

81. 61166616 1163. —- Kiopenlmffin, 6666166 Barbam virginis 61 martiris 1163.
subm Nyo 6161116366 Ι. 2. 11. p. 166. 11166616 1616161161. 111-18.

1. 116616. [6191] 11663 0611661666 (1161166666 111 1161366166166, 1166161661 63 1666136 ¹
1116616661 1 11661616 16611666 61 11111 11616616 1161166, 616166366616166 16166 166611666666

81. Μ1666161163. ·- In castro Haffiwmi, 116 66616 Barbarae virginis. '
Suhm 11]616611163661.1. 11. p. 166-86.

1. 116616. [61116] 11663 (1661661666 6161166166 111 16111161 1666666 166 6111166 61 611 11616616
(1611666111166366616166 16166 16661166616616 St. 61166616 1163. - 111 metro Haffiwmi, (116

66616 Barbam virginis.
8666 6661661163661. 2. 11. p. 166.

1. 116616. [6196] 1166311661661661 (1]611661661111661111666166Ἦ 1166366 1 Bibe, 16611666
615οΒ616616 (161166, 61 11166366616166 16166 1666116666616 81. 111666161163. - 16 661166

1161166661, 116666116Β616616 61631616.
86661 1166 1616116366 1. 1. 11. p. 186-61.
1 116616. [6191] 11663 0661661666 6161166166 til Christian “Kremer’', Borger 1 11166, 161
Lanu 61611 116166161161166, 61 1116636661166 16166 1666116666616 81. Μ166616 1163. - 16

caetra 1161166661, 116 66616 11666616 61631616.
16616 1136 8661116366 1. 611. p. 161. 1166661316616116316161616616116 6161161616
13166 6666666361 og medentur 16161666611 ι1161611161· 1661111116, 666 ml opbygge 661
Nun-repon 6166161· 111611

1. 116616. [6196] 116630661661666 11]·61166666111 161666 Wandrop, 1166366 1 ijo, 16661
16166 61 611 11616616 1161166, 6111161366616166 16166 St. 111666161163. ·- 16666166 Haffumae',
1161166166 narbam virginis.

Suhm 166 8116116366 1. 1. 11. p. lev-⁸0.
1. 116611. [6191] 1166306616616616161166666111166061166666666, 1166361 1 11166, 16161
11666 61 1611 11616616 1161166, 61 6166366616166 16166 81. 6116616163. - In camo Hoff-

66661, 116 66616 Barbara 61631616.
1666 11666661163661. 1. 11. p. 186.

⁴. nem [631111] 11663 0661661666 (1161166666 111 16666 11661666, 1166366 111166, 16161
6666 61 611 11616616 (161166, 61 6166366616166 16166166616661661681. Μ1666161163.- 16

camo Haffioenn', 666616 Barbam virginis 1163.
86661 Nye 8616116361 1. 1. 11. p. 100. ι
4. 66616. [63111] 11663 0611661116 (1161166166 111 666366661666, 1166161661 63 1166136611 ,
11666161 11666 61 1011 116166161131166, 6111166366616166 16166 6616666616 St 11166616

1163. ·- 16 castro 1161166161, 116 66616 Barbam virginis 61 martiris.
16616 uye 6616116366 1. 1. 11. p. 1111.

m. 11661 [63116] 11663 (1611661666 Ρ66166166, 11666661 666 6661661166 816116111666111666
111Η6. 1161166166 16166661, 1111161, 166 10011 11161111666116 Ρ6636. - Kibpnelwffn 8161,

(6166 Aur 63 1163).
86616 1166 6661116366 1. 2. 11. p. 1811.

 

