m ι Kone 0111111116 616 11611611.

16911. [6631] ’, 11161, 1111111611 11666 0611111111 6161161161116611111666 1161111611 61111. 11111
¹· 111111· 1161611166, Raida, 161961 1661661161118611 669916116111116111611.- 1116611111 1161111, 8161111166.
811161 1161 8161116111 11. 6-1. 11. p. 169-66.
16116111. [66311] 1166606111111611116111111161 161 8119 116111 11161116 1166111666, 1616111-
11166666 1 1161111116, 111. Lago 11166, 111616 11161. - 111 castro 11611161111 , vigilia 6616116611.
861161 1161116111· 11. 1. 11. 6. 1⁸&
6116111. [6634] Kong 0611111161 11]·6111111161 161469 1111111 11661111 pendium, 1616 111.

16611 1661661166,Α1611111666 1 1161111116, 1111616 11661. - 111 61111111 1161116661, 116111666161116111.
861161 8111116611· 11. 1. 11. 6. 186.

6111611. [6636] 11666 0661111161 111616116νί11 161 161111 Μ1111 Banake 9116111666, m

Fm 8661116 61 1661666611161616 ham. - 111 6611161161661111, vigilia epiphaniae.
86661 8116116111 11. 1. 11. 6. 189.

16111611. [6636] Koug 0661111161 (1]61111661111 161 996 1111161116 11611116, 1616 Ρ1161661

Andwordskowg 166616 11616. -Octava epiphaniae.
861116 8661116661 11. 1.11. 6. 139.

16111111. [6631] 11666 0611111661 111·611111161111,161 71 11611166 og 1 Lod 8611, som 1111-

111166 1 1116611611 166616 11661. - 1111116111, octava epiphaniae.
81111111 8161116161 11. 1. 11. p. 189.

16111611. [6638] 116660116111116101111661166 161 122 Lod 8611, som Ahbeden 1 816116.

6161161 166616 11661. -- 1116 11616661
861116 8161116611 11. 1. 11. 6. 199.

mmm. - [66311] Kong 0611111161 0111166666 666 699 1116111 111 1111161166 1116166611. -

1111111111 (1166 6666 61 1116).
811116 8116116111 11. Ι. 11. 6. 139.

11, mm, [6616] Kong 0611111661 01611116νί11 161954 Lod 8611, som 06611161 1 1161111116

1161611116 166616 11616. - 1161111116, (116 1161116611.
161161 8116111111· 11. 1. Η. 6. 199.

16. snm. [6641] 11666661 0111161166 til 11161161 Knut 1166111166 161 “halffyrefivgmde

1166116116” Lod 8611, 16161166 1166611611 16111611. - 111 metm 11111116161116 Priscae virginis.
86116 Nye 8111116111 1. 4. 11. 6. 356.

11. mun. [6641] 11666661 0111161166 111 161666 Koch, 661616611661111, 1619911911

616111 1166111666 66611666111611 6111 1166116. - 111 6111111 1161166111, 1116 Prisca) virginis,
Suhm 1111816116611116-1. 11. 6. 163.

· 18, aum. [6613] 1161161161 11]·61111616661161666116611, 1116611661161 1 1116116111,Κ sor 1750

1116111 Pendinge, som 1166166616 1166666. -· 111 castro 1111166611, 1116 1111166 virginis,
Suhm Nyo stmlinger 11„ 6-1. 11. 6. 163.

1111111611. [6614] 11666161 (1611161166 111 Β111ς61661161,116611 6611661611εά 1 Malmsse sor 366

1116111 1 Byskat. - 111 61111111111116111, die Ρ1116111161611.
86661 1166816116111 11. 6-1. 11. 6. 166.

2⁰. 1111111. [6615] 1111661161 16116616611661 6116 1166116116 muster 61116161 1166111116 111 [16611

Porus, 8111161· 616 1161661661 8161. - 111 castro Haffmn', 1166166161 sebastiani 6111111111·
161116 8161116611 11. 1. 11. 6. 161. ,

911. 1166111. [6646] Kanum (1711111118 1119111111 '¹⁰ (1οὰ s⁰¹ ¹⁰⁰⁰ Gyfflffl 11111611 (1101111

1661 11111111“116661166”(1611.1166.11611116111)11611116. - 1111661116 1161166661, „nemu

8616111661 61 1161111161 1166.
8666161166 11. 1.11. 6. 168..

 

