w 11111 (1111111111 111 Α1111.

1114. (oz Kjerum) 111111, 111 11111111 8131111111 11111111. ·-· 01111111, 81111311 1111 11111

111111 1111111111 11131111 113.
1111111111 111. 113. 11111111 111. 11111. Ι. 111-37. 111111 8111111311 11. 2. 11. 1. 11.

11 111111. [1821] Rouana· 1111111111111 1131111111 11111113 811111111111111 11 Ρ1111113111,
nom 11 11113 11111 13 1111111111 1111311 1111131111 Β113111111111, 11111 13 1111131111 1

1111111 - 01111111, 111111111111111111111111 11131111.
811111 8111111311 11. 2. 11. 1. 111.

11. 111111. [1822] 11111111 0111111113 111 Ρ1111 1111311, 811311110111111113, 1111011111

11 111111 01111111. -· Ottouioe, dominica 1111 11111ῐὶ11 Δ. 1513.
subm 8111111311 111. 11. 1. 12-13. -1111111111 151811 111111 1111111111, 13
uim 1 111111111111111 1111111 111 1514.

m, 10111, [5823] Cumanam 11311 protectoriam 1111111111111 privilegiorum civitatis ’1111-
111132 - In civitate 01111111ιεί, dominica 1111 1111111111 11131111.
81111 8111111311 11. 2. 11. 1. 11.
11111111. [1811] Ronanus 0111111113 111 811311111111 13 1111111111 1 Ausone 111 100

1111111 11111 01111111. - 01111111, 1111111. 1111111111111.
subm 8111111311 11. 2. 11. 1. 11.

11111111. [1821] 11111111 0111111113 111 111 1111111113, 1111311 1 11111113, 111 20 111111
11111131, 1111111111 811113111111113111111111111111, 11111 1111311 11 111111 1111111111

1111111 1111311111 1111311111 (111111111111 13 privilegiet. - 1111111, 111 111101111111 apostoli.
Suhm 1111 8111111311 1. 1. 11. 1. 10.
ι, naht, [18211] 11111111 0111111113 111 1111111Ρ111111111, 8113111111111111111, 1111
11111, 111111111111111111111811111, 11111111. - Ν11111, sexta 1111111111111111111111111111111.
subm 8111111311 11. 2. 11. 1. 11.

2. 111111. [1821] 111111110111111113 111 111111 11111 111 111011111 as Laudehjelpen 11

11111113 111111. - 1111119, sabbato 1111 ’11111111 apostoli.
111181111131111. 2. 11. 1. 11.

1111111. [1821] 11111111 0111111113 111 Β11311111111, 11111 13 1111131111 1 0111111 111
1113111111 1111 11111 11131011 111 1111111113 111 “Ruta'' 1 11113 Η111’1 ’111 og nme„ [01
Kongen 1111, 1311111 11 1111111111 11 11111 1111111. -· Nyborq, 11111111111111111111111111,
8111111 8111111311 11. 2. 11. 1. 11-15.
1111111. [1820] Ronanus 0111111113 1181131111111, 11111 13 1111131111 1 Vihmgh 10,
20011111 01111111 11 detes By. - Nyborqlt, sabbato 1111 11111111 apostoli.
111111 11118111113111. Ι. 11. 1. 70. Ἴ
1. 111111. [1830] 11111111 811111111111111111111Β11311111111,11111 13 1111131111 ί Nybofg

11111111 Ρ1111113111. - Ν111111, dominica post 111111 apostoli,
Suhm 8111111311 11. 2. 11. 1. 15.

11111111. [1831] 11111111 0111111113 111 11111 Ρ11111111 1 11111113111 111 ’111111 11111
111111 1113111111. - Humum, 11111 tertia 1111 111111 11131111.
111111 8111111311 11. 1.11.1. 110.

24. 1,,11, [5832] 1111111111011011113111111111111311111, 81113111 1111111111, 1115011111

Danske Penninge. - 811111111111,111111111.
811111 8111131111. 1. 11. 1. 126.

 

