¹ 736 Κ111 (1111111111 1111 11111111.

1121. vechner, 81111161 1116111111116 111111, 16311111111111111111118111111161111-
211111111· 1666111611 1111111, 111 11111111 om 11116111116111 81111111111 11111 11161 1611811,
¹. 11 1111111111 11111111111 11111 skalke 16 861611, 11111111116 111 181611611111161111-

111111 11 11116111 111111 8111161111 11111 11111116111111, (11116111111 11111 1111111111, 11111111 ,

11111 1161161161 1111111611. - 111· Halm. dominica 1111111111. (811111).
11111111 0111111111 11ι 111118. 1³57-58.

31111111· [6831] Ronanus 61111ιὶ16111 1111111111161111111116 for Regnskab,
som 111611 (1111111) 111111 31111111 111611 1111611 1111 1116111 og 1111161 11 1311111116 8111
1611111. 1116111111 0111111116 111 11111111 111 111111161611 11111111111111111111, 8611, (1111
161111, (1111111161, o. 1. 1. - Κ1311111611111 slot. (1111 11161111 nug.

- Suhm Nyo 8111111611· 11. 3-1. 11. 6. 181-83. ’
1111111. [6832] 11111111 0111111116 111 0111 1111116111 111 1116111111 over 1111 11111111

166111111110111111111111. - 1131111αῇ111,811116111111111111161111(1111111.
81111 8111111611 11. 2. 11. 6. 87-88.

1. 11111. [6833] 11111111611111111661111.1111611611611111111111161111111111111161
160161611131111116811116111111131116 116111111111111111168611111116 111111111’
111316111111111Η61116111 111111111111,1111166161111111, 11111Η11611111111,
’11111111 1111111, 01111111111111 og 1131111111111111. - Kibbnckaffum Slot, 1161111116

111111 (1111 1161111116.
81111 1161 8111111611· 11. 3-1. 11. 6. 186-81.

2. 11111. [6831] 11111111 0111111116 111 Μ111111 81116111, 11611611 1 1111111111, 111
1116111111 11111111111 111 11111 1661111111 16 1161111 11 3611611111 1 1111111111. ·-
Kbhneltoffuen 8111, 81111611 11111 111111 11161111 1116.

. 81111 1161 8111111611· 11. 3-1. 11. 6. 182.
3. 111111. [6835] 11111111 0111111116 111 11111111 111 11111111, 8111111611 pan 1113111111

8111, 111 1116111111 1111 1111 111 11111 1661111111 og 1116111111 1111111111 11111. -

1111116 nest 111111 (1111 11611111 116.
81111 111111611- 11. 1. 11. 6. 195.

6 anfi. [.6836] 811111111 1113111111111111111111 1811111111 111 11116 christian,
111111111111,1111111611111811111111110611111111111161111,11111111111111
11 111111 11111 11111 81111111 11 Fare 111111 Kongen 6113111111 11111111116; 11 1111611
11111111111111 11111111- 8111111111,11111 quinta 61111111 post 3111111111. (811111)

111111 (11111 111111 111111111. lael-62.
7. 61611.Ι [6837] Romanunm 1111111 ι 81111111 1111 Μ11111 1111111, 11116111
31611611 wysby, om 11 16161111, 11 11 1111111 ’11161111 as Ρ1111111111 (11111111, 11. 1. -·

11111111, 11111171. 61111111 post 1111111 eorporis Christi. . (866661)
311111 61111111 11111 11111118. 1³64-65.

1

666111 [8888] 811111161111116611111111311111111,81111116111116111116 [1111161116 Ἴ

1111811111111611111. - 1161161161, 1111111 6111811111.
811111 81111161111. 3. 11. 6. 167.

1811111. [6836] 11111111 0111111116 111 1110111111161111131 111 1111111116 11 11111

11111111116111116 8111.- (11111 1116).
81111 8111111611 11. 3. 16168.

 

