’111 11000 camma 000 Ama}

1522.. [1001] 1000000000 000 110000 11000111 11000010101100000000010 10 01100
18· 81001- 100 1100000 11010 1101001001110000 0011101000ου 00011]οΙ001000000, Βιιι100101100, m. 0. -ὶ

11000001, 1100 1001001 01100 S. Μο11101 1001.
111011 0101011100 11⁸ 11110 S. ³06-12.

7 28. 810110. Ι [7001] 11000100010100000 11000 (10000000 11000 tn 11000 1110101100, 00 01100
· 10010 00001001 100 00 00010 0010001010 11011000 001 1100101000, 01101011 1000 ended 110000,

ιιι. 0. - 1100001000, 00 800100 000Ι 1110101110. 11110811·
ska-h! 0101011000 n· ,10110 S. 011--11,

1111800110. [7001] 11000 0000000000 10010010001000111 8000010 100010, 1111100, 110101000οἁ
000 111010ιο 010, 000 11001011 8101 1 1001110011 00 10 1010, 000 1000 110001 111 10100

, 8101, 0001 111 11011ιο01010οι 0011000010ιο 8101 001100010000000100, 0001 01111100010100,
001 1000110101οο 000 0000 110100101ηο 01 10110 100 11001 til 1110010 10000010. - 8101

111100010Ῐῇ00, sancti 111010οΙ0 11100.
8010 100100110000111. 2. 11. 0. 117-18.

10. septbr. ι [7090] 11000000 0011100100 111 110. 1100010 (1100, 11111000 000 11000100, 10011000
0101 0000 111511 111001, 000 100 10010 00110001 111 8011 100 10 1 810011010 11000010
11011000. - 1100010, 110 000011Μ10101110.
= Suhm 8001100000 11. l. 11. 0. 101-1.
29. 000110. [7000] 11000000 0011100100111 Hermen 000 11100100, 10001000 11110001010, 100 ¹

1100001001 0000 1001 100 10010 00110001 1 1001001101 01 111000101001010 00 10000 0101001 ,

- Haffniee, 110 S. 1110101110.
8010 8000110000 11. 1.11. 0101.

11180000. [1001] 11000000 0011100100 111 1100000 000 110001οι, 8101010001 000 111000 1
10100, 100 1100001010000 1001 100 10010 00001000011100100101 0111101οι00 1111000101οω ³

Lehn 0010000 0101001. - 10 cumo Haffnerm', 000011 1101010100.
8010 0100110000 11. 1. 11. 0. 101.

00. 0001- ’ [7091] 1100000000111001001111100001010100, 810100000011000000 (000 Mantus)
⁴· ⁰³⁰⁵* 8101000100, 100 11εο00101 00οι 10110010 00 01011100 01 111100010100 1010 00 8101. -
1100010, (0100 110).
8010 8000110000 11. 1.11. 0. 101.
ι. om.. [7000] 110000. Romnum· 0011100100 100 00 11000010 8011 111 1000110010
1100010. - 1100 0110001 0001 1110100110. (ᾚω).
’ nudum 0101011000 11· 10110 8. 110-00.
1. octobr. · [7100] 1110010000100110000 000 11000000 01010000, 011100100 11000 1110001οι1
1000101011 100 00 11000010 8011 100100 0010, 1000 001101100110000 001000000001100010
-·· 110 10000100 0001 Michaelis. · (101011
1111011 0101011000 11· 10110 fl. 110-11.
1. 001010. [7101] 100011000000000011100100 111 11000 1110001001 100 0011000010 8011111

100 0010 001000 0001010. -·· 101 1000100 0001 Michaelis. ¹ (mk),
111011 (1101011000 111 10110 8. 111.

1001010. [71⁰2] 1100000010010010001000 11 110. 0100001100 10000 000 8101101 1100000 001

110101ηο1100 001 1010110110110000100110000.- Stoa 1110001000, Sancti 1100001001 dag.
8010 8000110000 11. 1. 11. 0. 000-0,

 

