11111 01111111 1111 Annum. 639

[1111] noum· Fodeningsbrev 1 1.. 11111131111111111 Lashom 111.
8111, 1113111111 By 13 1111111111 111111 1111 1111111111πί1 13 11 1111331111 1111131113 111111 13 9· lum·
1111113111,1111 11113111, 1111111111 13 3111111111 111 1113111 Τ1111111 13 31311 1113111111

over 11111 17113 111 [1111111111 11111111. - In 111111 1111111111 dominica 11111111. epiphania).
311111 1111 1111111311 11. 3-1. 11. p. 113-19.
[6431] Koma givet Skipper Ε11111 Μ1111111 van 1116111111 ’1111111111 110. 111111. ,

8111111111 111 11111111. - 11 vactro Haffneuei, 111 1111 proximu 3111111111 trium 113111.
811111 1111111111. 1.11. p. 177-78.

[6186] 111111111111111,Βο131111111111(]“1111111111, 111111111 111111 Antho- 11111111.

111111 111111111111591 (1111311111 11111113 111 1111111111 111111 13 1111113111 113 111 11 1111111
11111 Sum 1 1111111311 11111 11111331 111 31311111 11111111 13 1111111111 11 81111111. -

0111111911111 1. dach 1111111111. . (Plattydsk).

3111111111 11113 611111. 11· 11111. 11. S. 36-37.
[61811] 11113 6111111111 11111613 111 Η1. 1111111 Κ1111111131 111 11 fly 111 11. 311111.

31116311113111111111111111 8111111111, Gema, 11 111111 11113111 111 11113 pan 11111 111111 111

11131111 18111113 1 11113111 11111111. - Vort Stot Kibpeulwffim, ’1111113111 1111 11111

mg 111 11113111 1113.
nehem-nn 11113 0111111. 11· 11111. 11. 8. 86.

[6196] 1111111 31111111111111 Η11131 13 111311 16111111111Β111 1111111111 pan 11111111.
11 Kromna “8111111”,1111 1111111 111111111111,113311111111111311111111, 1111 11113111. -

111 metro [11111111111111 die 11116111111111 1111111111.
, 81111Ν11811111131111.3-4.11.1.119.

[6191] 11111111 (1111111113 1111111111 Μ111111111311 111 1113111111 1111 11111111- 2 Febr.

31131,1311111111111111111111131111111 11111111 11111111111111116111111111111111.
31111 8111111311 11. 1. 111. 119.

[6191] 111111131111111111Ρ11111111,111111111113111111311111111111111 3. Febr.
11111111 1. 11311111 1 111111111111111315131,1111 113311 111 sancte 1111111111 Alter

1111111131813111111111-111111111111111111,11111111161111111111111 11131111.
3111111 1111111 811111.13111 1. 11. 1315.

[6193] 1111118111111111111111111361 11113611111111113111111111116111111 0. retr.
1111111111111111Β11311111111Ηο1,111 11111111 han 131111 11 1113111113 111 111 11111111. -

11111111, 1111111111111111 1113.
3111111111 11113 0111111111 11Ι 11111. 11. 96-100.

[om] 11111111 3111111113 111 111 0111111, som 111 Bysoged 1111111111, 111 1111111.

Β13111111111Τ111, 81311111 ο. 1. 1. 1 1111111111. - In castro 111111. , 1111111118111111111 1113.
81111 8111111311 11. 1. 111. 178.

[6191] Ronanus Qvittering 111 161311 Myntmester 1 3111111111 111 113686 1111111 111111.
11111111311811111113,111 11111 111111 11311111 1 “klipte Ρ111131 og 11151111 8111111131”, 11
111811113“Ρ111111111“,1111 111 11113111171311111111111111311- 11111111 1111111111,

’1111111311 1111111111 sancte Dorothee virginis Dag.
811111111Ν1181111131111.3-1.113.119.

[6196] 11111111 0111111113 111 Hanno 1111111111 1 1111111113 111 311111 1113111115 111111.
1111111131131113111 11 ΤοΙ1,“8111111113111”, 81111111. ι 1111111311, 1111111 81113 “Paye-
111111”,1111 1111111) 113 111 1631111311 111111, A Lod 13 1 011111181111327686Μ1111ὓ111111 ’

1 111131. - 1 1131 Μ1111 11111111113111 1113111111» 1111111111 salv 13 (1111, 11111111 111111

8,,

 

