110 113113 0331131331 3331 1133331.

11100. [0081] 13303303113313133311333 0113333133313 331303113133 111 333331013113033·

25. 1131111 1313113133, 333 8 Aur. - 8330133313 130133. (Ρ13113οά1.
1131133 1111113333. 1133313111. 210-19.

01111101. [0080] Κ333 0331311333113110331133 333 031 310113Κ3111113113, Kay 1330131001,
11331 1111313333 33 01033111 0131313130 1303333313 1310133 med 03 81333113, 11133330 01333113
1133333381οο 1313111133 1310133333 1131333113, 013033103133 31 81331133 hove 33 privilegiet
⁰·.⁸· v., 031. 1133311113 13313 133113 3331 dominicam 113313133313 (33 0. 11131111). -· 110333-
1333, 3333333333. 1

113031313 81311313 111311131131, 1111. fl. 101-10.

1131113. [0088] Κ33301331313311333133311131 11113013333333 11133131300330, 1133111333

1113131031 0331, 31 81313133 111333 11330 har 3313331 ham 3333 113333, 33 33133033 dem 3111133

03113 1111333331, 1031 1133 13131 dem 313 11333311331131033133113303. - 113033303113, Ρ31133 803033.
0131333133. [13131111. 1. 3. ’100-010331.

1. Aprilis. [0081] 1131131333 0111133133 111 111331331033331133133303, 81111313331131330311313,
133 1000 1113111 03113113 Ρ3301333 33100 Lod 8011 333 1133331311 3131 01311 1333 113103 3333

1133131 31 13313331. - 13 castro 1131133331, 13113 11. palmarum.
031331 1331113333 11. Ι. 11. 3. 101.

6. Aprilis. [0085] 11333333 0111133133 11] 11131133 Vincentius 31 1110313311, “som 33 331
01313333333033 1 11133”, 131 000] 1113133113 031033, 3313 Ρ33313133 1113333 sust gave 1133333
Ι111 11]·313 1113110333 Κ113313111311 8333313 1330. - 11311313, 013 3313333333.
831113 8131113333 ΙΙ. 2. 11. 3. 89.
1133331111. [0080] 1133313133 0111133133 1113113133οε3 3111331113330 131 100 Lod 8011133100

Μ3111, som 1133 133313 1133333 1330111 1113333 13333313. - Hoffiu's, 013 parasceuen.
, 8131133 Nye 8333113331 11. 0-1. 11. 3. 170.

. 7. Aprilis. [0681] 11333333 0111133133 111 10131133 Koch, Μ3311333133111131131011, 3330313

13133 1333133 13331303” 1113311 11333113 333 1133331131) over Myuten. — Hassnioe, Poske Asseu.
831313 1133 8313113333 11. 0-1. 11. 3. m,

ιο. Apin.. [0088] 0130113133 8113113133 111 11333 Christian, 131311 1333 1331311333 1113331111
“doctor Detleff' 11133301 8113113133 om 11013Ιο31 31 33 0303103301133 1330 Β13333 31 Auram

“ 1111133 333033 1333 11333313 311133013031113133113 Gylden som ’013133331131331 1111 3033133031
313313 1031111111” 33 1111133033 313 11113333 med “Doctor Detleff' 11333333 “gode scfiffuellu tiu

Rom i myne aerende'⁸. - Ex Α311313, 111. 13113 prox. post pasce.
11313113 01333113, ’1131113 11131113, 1. 100-01.

11. 1331113. · [0080] 1133313313 0111133133 111 Eyler Bryske 333 1333113333 133 400 11103313
031033, 1133 133313 Kongen3 desuden 133 1811 Μ3111 2 81011133 333 1133331330 3333133303

11131333 31 113 113133, 1333 133103 1133133. — 1131131133,13113 quarta paseae.
8313131133 8331113331 1. 1. 11. 3. 008.

ιι. 333133.. [0000] 1133333381313031311333111 Ε3133Β13313333110331113331133111133031 1

13333113 113313 33 1131031330, 131 13131 1113111. - 13 333133 Hoffieense', 13113 quarta pasche.
1131331 0338131133331. 1. 11. 3. 008.

12. 1331111. [0091] 1131113 Η31111131331311ι 0111131133 til Β313333331313 33 Rafldmaend ί Am 13
10001330 81111, 3333 03 333 113133 Byes Vegne 133103 3311311131 13333 31133 033 Β3131133, 1133

1113103113 1133333 111 0331. - Α3133,1333113333 3331 3111131 33313,
11113113 1313131131 1. 3. 119-20.

 

