11666 1111666616 6661166666. ¹ 811

[7636] 11663 (166116 6186616311 Bm 61 1116116166, 1116166361 63 1113111666 1 1626.
116136, 1666 1116 3166111361 616 1616666163 616 116166666366 61 “Pudet 06616661 63 11666 11161111·

Ρ61116”, 6616 6616 166116 1168661113. - Schera, 1166. 666161666161661606611. (866661).
1161616 8616116361 1. 8. 188.

[7631] 11663 11661666 16661Η1. 6616661116, 1116661 63 1116166661666 6661116611.

816316 8161, 61 1661666 613 6166 1616 866666 1 666666 1111666163 63116166, 6661 61 166616136666
11666161 666661, 111161661666 3 11361 111 81. 11666 1163, 161 61 11136 1666 1161161, 1116166
1161611166, 61 1166136163, 1661166 616166 1616611131666166 1161111611, 1116131666 61 11166666-
161363 Η61163 111 Ρ1111166 616. 1113616666 16661 166, 61111. 11666166 1166, Ρ6161116, 61166

0161361666 6616 1161611666 1166666166666. - 81611 66116163, 81666366 0661166166166.
’ Banake 11136616 vl. p. 189.

- [7638] 11663 1611166116 81666166 til 1116116166 01611 ’1166661166 616, 61 661 1. Martii.
6666611616 116166163666666 Peter Cantzeler 6311666 1113616666 61 6616611116 11361666 31666

16166 6161111661 6161 6361366 6661. -· Guttam, dominica 06611.
11616116 8661116361· 1. 8. 190-91.

[76311] 116163 1116666 61 81616 63 11666 1666616 1116666116 81666166 61111616.
1161366 1113611166 663666666 116166666366 61 66 6666616 116166163666666 16661 0616616163
1666 1111663616, 16161661166166 66 6666616161 6616 611166666 6166 666 1661666616 Rem

61 16111. - 866161. 6161161611. . (866661).
8616116 8616116361 1. 8. 409-90.

[76111] 11663 666116 6186611136 81666166 61 666 66661316 1116116166 1111666 1. 1161111.
63 111. 'l'yge 1116116, 616 66361 1163. som 1666 1616666666 666 11116163 1161 1161361,
1611161166 61116161616116 66166616, 6616616 6616161661666666, 61 661 616616 63 1161366116

666 1166616116 (hund, 16. 6. - 1161616166 Oculi. (866661).
11166111 1116611616 11· ,11116 8. 1191-98.

[7611] Mannum, archiducissae 1166166 616.,·111616 1666166166, 6616 0161666166 1116116.

16316166 116 liberos 6666 16 666661111661166166161*166331661366611, 6. quarta 6166616 116161.
11611161 1116131161· 8. 16-19.

[7611] 1166311666616 16661 11166 16161116, Δ66616Β1161611661166, 611666666 6616611,
ἡ 11 11361 161 St. 11666 midsommers 1163 1 11]·616611666, 161 661116 611666636 1666 1161161
1111166 1161611166 61 81616 til Κ1161361613, 116616666661616616166111311636166Η1.1116611666,
116113166661Β1666611613163Η6116311111161666, 63 1 666161666163 61 1636 6166 613 6166
’6166111616 0166661, 116661, 1161661666 6611 66616 8166616366116161161616611136616”. - 8161

0611613111, 1111666366 6661611161 06611 8166631.
11666161163661611. p. 196.

[7611] 116631166666166 81666166 1111116166 Η66611 63 06ρί1161 1 113161, 116611 611616.
antydes, 61 1166366 vil 116616 dem, 11616 66116336 66366111666631 1616616161166 61161661
661, 6616 1616 663663 61 61616661 61 8161666166 111616166 (166161 1631616 1116166 6311661161

6116166 161616 166116 Gylden). -· 11611616, Μ6666366 6116106611. (Plattydgk),
⁴ ,1161116 111 816616- 666 1111616636661. 161· 11616631116161· lv. 8. 188-81.

[7611] 816116166666661 Ν66611666666, 1161366166 81666166 61 1161661 Car! 1.,6.11661.
661 1616661166611666116361 1666 11663 Christian 161 6116116666 1661 61 616661166616116666
166611616; 661 666661166366 161611666666 116166 111 ’1516611666 63 1666 11166611111116166366
61666661 61 11666 116666. - Au Μ611666, 16 11· jour 66 16616, 166 XV⁸ 61 XXV. (6. 61). (1116661).
” 1666 corrumdam 666 11611616 11611 V. 1116161111. p. 166-116.

161*

 

